              410003                        PDF4LHC15_nlo_30                                       0                         17248357.024414
              410003                        PDF4LHC15_nlo_30                                       1                         17283730.325195
              410003                        PDF4LHC15_nlo_30                                       2                         17079144.204102
              410003                        PDF4LHC15_nlo_30                                       3                         17227253.756836
              410003                        PDF4LHC15_nlo_30                                       4                         17049448.529297
              410003                        PDF4LHC15_nlo_30                                       5                         17227129.438477
              410003                        PDF4LHC15_nlo_30                                       6                         17120160.086426
              410003                        PDF4LHC15_nlo_30                                       7                         17244471.292969
              410003                        PDF4LHC15_nlo_30                                       8                         17237924.471680
              410003                        PDF4LHC15_nlo_30                                       9                         17160189.007324
              410003                        PDF4LHC15_nlo_30                                      10                         17271091.240234
              410003                        PDF4LHC15_nlo_30                                      11                         17120080.015137
              410003                        PDF4LHC15_nlo_30                                      12                         17210474.044434
              410003                        PDF4LHC15_nlo_30                                      13                         17274470.476562
              410003                        PDF4LHC15_nlo_30                                      14                         17221926.429199
              410003                        PDF4LHC15_nlo_30                                      15                         17254332.054199
              410003                        PDF4LHC15_nlo_30                                      16                         17204290.463867
              410003                        PDF4LHC15_nlo_30                                      17                         17373686.891602
              410003                        PDF4LHC15_nlo_30                                      18                         17293978.732422
              410003                        PDF4LHC15_nlo_30                                      19                         17101751.900391
              410003                        PDF4LHC15_nlo_30                                      20                         17237796.354004
              410003                        PDF4LHC15_nlo_30                                      21                         17228108.006836
              410003                        PDF4LHC15_nlo_30                                      22                         17353628.099121
              410003                        PDF4LHC15_nlo_30                                      23                         17261569.799805
              410003                        PDF4LHC15_nlo_30                                      24                         17227952.186523
              410003                        PDF4LHC15_nlo_30                                      25                         17237638.172363
              410003                        PDF4LHC15_nlo_30                                      26                         17291532.916016
              410003                        PDF4LHC15_nlo_30                                      27                         17267740.112793
              410003                        PDF4LHC15_nlo_30                                      28                         17400542.340332
              410003                        PDF4LHC15_nlo_30                                      29                         17259239.649902
              410003                        PDF4LHC15_nlo_30                                      30                         17237550.441895
              410003                                 nominal                                      -1                         16826726.000000
