              301322                           199200.000000
              301323                           199600.000000
              301324                           199000.000000
              301325                           199800.000000
              301326                           199200.000000
              301327                           198800.000000
              301328                           199800.000000
              301329                           199800.000000
              301330                           199200.000000
              301331                           198200.000000
              301332                           199800.000000
              301333                           195800.000000
              301334                           199800.000000
              301335                           177378.903320
              301528                                0.360211
              301529                                0.149052
              301530                                0.063255
              301531                                0.046530
              301532                                0.295739
              305012                           389000.000000
              305013                           395000.000000
              305014                           396000.000000
              305015                           384000.000000
              305016                           391000.000000
              305017                           396000.000000
              307522                           199000.000000
              307523                           196000.000000
              307524                           191000.000000
              307527                           193000.000000
              307528                           195000.000000
              307529                           195000.000000
              307530                           195000.000000
              307531                           197000.000000
              307532                           192000.000000
              307533                           197000.000000
              361081                           358599.250732
              361082                           359290.862061
              361083                           174901.204834
              361084                            18724.998535
              361086                            65018.148438
              364100                          5319367.457031
              364101                          2834664.072754
              364102                          4078710.876465
              364103                          2143575.013428
              364104                           722736.698975
              364105                          2053470.579834
              364106                          2940060.237305
              364107                          1961708.939453
              364108                          8563701.743652
              364109                          1705021.993164
              364110                           906361.042969
              364111                          1854208.837891
              364112                          2944710.969727
              364113                          1007977.732422
              364114                          5307644.534180
              364115                          2839137.810059
              364116                          4053053.531250
              364117                          2164248.987061
              364118                           715162.095459
              364119                          2043192.274414
              364120                          2966342.619629
              364121                          1976624.575195
              364122                          8551081.725098
              364123                          1665734.227539
              364124                           908261.500977
              364125                          1854184.572266
              364126                          2942740.905273
              364127                          1004312.176758
              364128                          5322698.337402
              364129                          2848153.029297
              364130                          4060541.517090
              364131                          2168444.601807
              364132                           717613.995117
              364133                          2071490.993652
              364134                          2969289.713379
              364135                          1983172.635742
              364136                          3430451.233398
              364137                          1656090.746582
              364138                           905387.208984
              364139                          1853029.965820
              364140                          2923750.202148
              364141                           997974.845703
              364156                         16619290.348633
              364157                          5643599.102539
              364158                         10403012.642090
              364159                          5418398.868408
              364160                          3693885.781738
              364161                          7990084.341064
              364162                          6155495.317871
              364163                          5260811.207031
              364164                          7271557.247559
              364165                          4325283.683594
              364166                          2783968.680664
              364167                          2835707.214844
              364168                          5941705.021484
              364169                          4068015.230469
              364170                         16615214.853027
              364171                          5647044.724121
              364172                         10407897.868652
              364173                          5359689.224609
              364174                          3714792.421143
              364175                          3980401.785400
              364176                          6159276.061035
              364177                          5263243.406738
              364178                          7327201.074707
              364179                          4312357.015625
              364180                          2778654.300781
              364181                          2835314.676270
              364182                          6003269.547852
              364183                          4075236.240234
              364184                         16726425.039062
              364185                          5671521.538574
              364186                         10498770.104004
              364187                          5427023.473633
              364188                          3719117.152588
              364189                          3969118.206787
              364190                          6166514.765137
              364191                          5212651.985840
              364192                          7291603.758789
              364193                          4322848.678711
              364194                          2772305.069336
              364195                          2830341.623047
              364196                          5983038.965820
              364197                          4057477.960938
              410000                         49386600.000000
              410011                                0.218165
              410012                                0.128695
              410013                          4985800.000000
              410014                          4985600.000000
              410015                           993200.000000
              410016                           991600.000000
              410025                                0.002049
              410026                                0.001257
              410066                          1986400.000000
              410067                          2355815.123047
              410068                          1282597.065430
              410073                          1959000.000000
              410074                          2385552.936523
              410075                          1377693.102539
